muTab <-
structure(list(Feed = c(14696L, 2200L, 32L, 1700L, 10100L, 18L, 
350L, 11L, 259L, 26L, 66L, 2L, 50L, 9L, 0L, 5L, 23L, 0L, 23L, 
0L, 0L, 0L, 0L, 0L, 215L, 0L, 120L, 95L, 0L, 238L, 170L, 0L, 
50L, 0L, 18L, 0L, 0L, 0L, 0L, 0L, 350L, 350L, 0L, 0L, 0L, 0L, 
0L, 0L, 0L, 0L, 0L, 0L, 0L, 0L, 711L, 0L, 0L, 711L, 0L, 0L, 0L, 
0L, 0L, 0L, 0L, 0L, 0L, 0L, 0L, 0L, 0L, 0L, 0L, 0L, 0L, 0L, 0L, 
0L, 0L, 0L, 0L, 0L, 0L, 0L, 0L, 0L, 0L, 0L, 0L, 0L, 0L, 2L, 13L, 
0L, 0L, 0L, 13L, 0L, 0L, 1076L, 278L, 0L, 0L, 278L, 0L, 0L, 0L, 
0L, 0L, 0L, 0L, 0L, 0L), Seed = c(767L, 600L, 29L, 70L, 30L, 
1L, 34L, 0L, 1L, 3L, 150L, 0L, 150L, 0L, 0L, 0L, 0L, 0L, 0L, 
0L, 0L, 0L, 0L, 0L, 20L, 4L, 1L, 14L, 0L, 17L, 15L, 0L, 1L, 0L, 
0L, 0L, 0L, 0L, 0L, 0L, 0L, 0L, 0L, 0L, 0L, 0L, 0L, 0L, 0L, 0L, 
0L, 0L, 0L, 0L, 12L, 0L, 0L, 12L, 0L, 0L, 0L, 0L, 0L, 0L, 0L, 
0L, 0L, 0L, 0L, 0L, 0L, 0L, 0L, 0L, 0L, 0L, 0L, 0L, 0L, 0L, 0L, 
0L, 0L, 0L, 0L, 0L, 0L, 0L, 0L, 0L, 0L, 0L, 0L, 0L, 0L, 0L, 0L, 
0L, 31L, 0L, 0L, 0L, 0L, 0L, 0L, 0L, 0L, 0L, 0L, 0L, 0L, 0L, 
0L), Waste = c(90L, 66L, 1L, 2L, 12L, 0L, 7L, 0L, 3L, 0L, 40L, 
0L, 40L, 0L, 0L, 0L, 50L, 0L, 50L, 0L, 0L, 0L, 0L, 0L, 18L, 5L, 
4L, 9L, 4L, 34L, 21L, 0L, 5L, 2L, 0L, 0L, 1L, 0L, 4L, 0L, 0L, 
0L, 0L, 0L, 0L, 0L, 0L, 0L, 0L, 0L, 0L, 0L, 0L, 0L, 1345L, 150L, 
43L, 1152L, 768L, 71L, 19L, 2L, 0L, 48L, 0L, 217L, 7L, 0L, 209L, 
194L, 0L, 0L, 0L, 0L, 0L, 0L, 0L, 0L, 0L, 20L, 20L, 0L, 0L, 0L, 
0L, 4L, 0L, 4L, 0L, 0L, 0L, 0L, 0L, 0L, 0L, 0L, 0L, 0L, 2L, 86L, 
0L, 0L, 0L, 0L, 0L, 0L, 0L, 0L, 0L, 0L, 0L, 0L, 0L), Processing = c(857L, 
81L, 13L, 265L, 497L, 0L, 0L, 0L, 0L, 0L, 0L, 0L, 0L, 0L, 0L, 
0L, 4700L, 0L, 4700L, 17L, 0L, 17L, 0L, 0L, 0L, 0L, 0L, 0L, 0L, 
5977L, 1826L, 10L, 442L, 20L, 161L, 0L, 6L, 0L, 3354L, 158L, 
5L, 0L, 0L, 0L, 0L, 0L, 0L, 0L, 0L, 0L, 0L, 0L, 0L, 5L, 0L, 0L, 
0L, 0L, 6775L, 0L, 0L, 0L, 0L, 0L, 0L, 87L, 0L, 0L, 6641L, 47L, 
13L, 0L, 13L, 0L, 0L, 0L, 0L, 0L, 0L, 725L, 725L, 0L, 0L, 0L, 
0L, 15L, 0L, 0L, 0L, 15L, 0L, 0L, 0L, 0L, 0L, 0L, 0L, 0L, 0L, 
212L, 0L, 0L, 0L, 0L, 0L, 0L, 0L, 0L, 0L, 0L, 0L, 0L, 0L), Other.Util = c(265L, 
10L, 9L, 0L, 246L, 0L, 0L, 0L, 0L, 0L, 201L, 3L, 198L, 0L, 0L, 
0L, 0L, 0L, 0L, 196L, 0L, 54L, 142L, 0L, 0L, 0L, 0L, 0L, 3L, 
5L, 0L, 0L, 0L, 5L, 0L, 0L, 0L, 0L, 0L, 0L, 910L, 3L, 0L, 90L, 
238L, 27L, 26L, 369L, 25L, 0L, 46L, 0L, 0L, 86L, 0L, 0L, 0L, 
0L, 11L, 0L, 0L, 0L, 11L, 0L, 0L, 0L, 0L, 0L, 0L, 0L, 0L, 0L, 
0L, 0L, 0L, 0L, 0L, 0L, 0L, 233L, 0L, 0L, 0L, 53L, 179L, 0L, 
0L, 0L, 0L, 0L, 0L, 0L, 83L, 0L, 0L, 83L, 0L, 0L, 0L, 436L, 0L, 
0L, 0L, 0L, 0L, 0L, 0L, 0L, 3L, 0L, 1L, 2L, 0L), Food = c(9294L, 
8631L, 369L, 15L, 255L, 4L, 16L, 0L, 0L, 3L, 2342L, 0L, 2329L, 
13L, 0L, 0L, 0L, 0L, 0L, 1767L, 0L, 1653L, 94L, 20L, 330L, 104L, 
80L, 146L, 491L, 190L, 0L, 18L, 0L, 3L, 0L, 23L, 0L, 0L, 146L, 
0L, 1625L, 241L, 47L, 256L, 80L, 0L, 8L, 40L, 37L, 3L, 829L, 
0L, 74L, 10L, 9272L, 3025L, 348L, 5899L, 8990L, 2889L, 583L, 
56L, 18L, 470L, 3L, 1031L, 188L, 6L, 927L, 2818L, 432L, 338L, 
86L, 8L, 6L, 0L, 0L, 3L, 3L, 4265L, 2501L, 1709L, 1L, 55L, 0L, 
5231L, 1435L, 87L, 2591L, 795L, 324L, 193L, 642L, 166L, 211L, 
264L, 0L, 1L, 641L, 15655L, 1491L, 143L, 401L, 284L, 96L, 145L, 
216L, 205L, 20L, 0L, 20L, 0L, 0L), Stock.Var = c(593L, 441L, 
47L, -84L, 210L, -1L, -18L, 0L, 0L, -3L, -18L, 0L, -18L, 0L, 
0L, 0L, 0L, 0L, 0L, 567L, 0L, 560L, 7L, 0L, -5L, 0L, 0L, -5L, 
0L, 11L, 0L, 0L, 0L, 3L, 0L, 0L, 0L, 0L, 0L, 9L, 86L, 0L, 0L, 
0L, 0L, 0L, 0L, 0L, 0L, 0L, 84L, 0L, 0L, 2L, 1L, 0L, 0L, 1L, 
-4L, 0L, 0L, -4L, 0L, 0L, 0L, 0L, 0L, 0L, 0L, 0L, -3L, 0L, -5L, 
2L, -1L, 0L, 0L, 0L, -1L, 67L, 67L, 0L, 0L, 0L, 0L, 0L, 0L, 0L, 
0L, 0L, 0L, 0L, 8L, 8L, 0L, 0L, 0L, 0L, 0L, 22L, 0L, 0L, 0L, 
0L, 0L, 0L, 0L, 0L, 0L, 0L, 0L, 0L, 0L)), .Names = c("Feed", 
"Seed", "Waste", "Processing", "Other.Util", "Food", "Stock.Var"
), row.names = c("Cereals", "Wheat", "Rice", "Barley", "Maize", 
"Rye", "Oats", "Millet", "Sorghum", "Cereals Other", "Starchy Roots", 
"Cassava", "Potatoes", "Sweet Potatoes", "Yams", "Roots Other", 
"Sugarcrops", "Sugar Cane", "Sugar Beet", "Sugar & Sweeteners", 
"Sugar Non-Centrifugal ", "Sugar", "Sweeteners Other", "Honey", 
"Pulses", "Beans", "Peas", "Pulses Other", "Treenuts", "Oilcrops", 
"Soyabeans", "Groundnuts", "Sunflowerseed", "Rape and Mustardseed", 
"Cottonseed", "Coconuts - Incl Copra", "Sesameseed", "Palmkernels ", 
"Olives", "Oilcrops Other", "Vegetable Oils", "Soyabean Oil", 
"Groundnut Oil", "Sunflowerseed Oil", "Rape and Mustard Oil", 
"Cottonseed Oil", "Palmkernel Oil", "Palm Oil", "Coconut Oil", 
"Sesameseed Oil", "Olive Oil", "Ricebran Oil ", "Maize Germ Oil", 
"Oilcrops Oil Other", "Vegetables", "Tomatoes", "Onions", "Vegetables Other", 
"Fruits - Excluding Wine + (Total)", "Oranges Mandarines", "Lemons Limes", 
"Grapefruit", "Citrus Other", "Bananas", "Plantains", "Apples", 
"Pineapples", "Dates", "Grapes", "Fruits Other", "Stimulants", 
"Coffee", "Cocoa Beans", "Tea", "Spices", "Pimento", "Cloves", 
"Pepper", "Spices Other", "Alcoholic Beverages", "Wine", "Beer", 
"Beverages Fermented", "Beverages Alcoholic", "Alcohol Non-Food", 
"Meat", "Bovine Meat", "Mutton & Goat Meat", "Pigmeat", "Poultry Meat", 
"Meat Other", "Offals", "Animal Fats", "Butter Ghee", "Cream", 
"Fats", "Fish Body Oil", "Fish Liver Oil", "Eggs", "Milk", "Fish Seafood", 
"Freshwater Fish", "Demersal Fish", "Pelagic Fish", "Marine Fish Other", 
"Crustaceans", "Cephalopods", "Molluscs Other", "Aquatic Products Other", 
"Meat & Aquatic Mammals ", "Aquatic Animals", "Aquatic Plants", 
"Miscellaneous "), class = "data.frame")
n0 <-
c(25376L, 11147L, 406L, 2136L, 10930L, 24L, 425L, 11L, 263L, 
35L, 2817L, 5L, 2785L, 22L, 0L, 5L, 4773L, 0L, 4773L, 1413L, 
0L, 1164L, 229L, 20L, 588L, 113L, 205L, 269L, 498L, 6450L, 2032L, 
28L, 498L, 27L, 179L, 23L, 7L, 0L, 3504L, 149L, 2804L, 594L, 
47L, 346L, 318L, 27L, 34L, 409L, 62L, 3L, 791L, 0L, 74L, 99L, 
11339L, 3175L, 391L, 7773L, 16548L, 2960L, 602L, 62L, 29L, 518L, 
3L, 1335L, 195L, 6L, 7777L, 3059L, 448L, 338L, 104L, 6L, 7L, 
0L, 0L, 3L, 4L, 5176L, 3179L, 1709L, 1L, 108L, 179L, 5250L, 1435L, 
91L, 2591L, 810L, 324L, 195L, 730L, 158L, 211L, 347L, 13L, 1L, 
674L, 17443L, 1769L, 143L, 401L, 562L, 96L, 145L, 216L, 205L, 
23L, 0L, 21L, 2L, 0L)
lowCol <-
structure(list(Feed = 27406L, Seed = 1570L, Waste = 3863L, Processing = 30703L, 
    Other.Util = 3402L, Food = 87018L, Stock.Var = 2101L), .Names = c("Feed", 
"Seed", "Waste", "Processing", "Other.Util", "Food", "Stock.Var"
), row.names = "Tot col", class = "data.frame")
uppCol <-
structure(list(Feed = 41110L, Seed = 2354L, Waste = 5795L, Processing = 46055L, 
    Other.Util = 5102L, Food = 130528L, Stock.Var = 3151L), .Names = c("Feed", 
"Seed", "Waste", "Processing", "Other.Util", "Food", "Stock.Var"
), row.names = "Tot col", class = "data.frame")
